115
179
188
146
165
170
131
162
130
114
154
117
114
132
193
178
185
180
121
203
205
134
190
174
201
179
126
180
185
171
144
150
160
136
159
197
146
178
190
163
234
186
169
171
202
148
212
246
178
206
224
240
222
212
235
248
238
240
170
205
206
231
250
231
227
239
186
171
229
186
208
257
222
173
180
215
219
204
190
208
264
264
218
202
274
186
264
255
233
192
262
238
255
201
249
209
247
199
213
255
275
283
288
219
298
236
233
262
300
226
295
251
268
294
231
262
238
240
301
309
271
254
247
271
266
244
325
285
303
245
240
324
312
290
324
275
251
333
301
305
303
307
284
323
265
264
340
251
295
309
261
257
333
333
346
336
315
265
304
311
340
288
305
358
298
309
290
334
276
307
299
312
370
285
367
343
326
293
321
348
321
347
293
340
367
309
367
359
316
346
297
326
320
315
388
385
332
309
305
326
301
385
359
313
351
321
351
327
344
364
405
399
346
412
376
377
352
367
340
378
412
406
370
346
411
398
405
406
417
386
355
406
381
406
354
418
351
369
393
433
368
420
373
406
354
396
409
403
370
404
421
439
373
401
404
449
357
401
450
367
410
404
402
410
419
419
453
396
387
467
417
464
376
451
468
402
385
431
410
384
474
452
424
443
414
407
421
452
407
404
485
484
413
406
426
478
466
476
467
446
461
401
414
485
435
501
422
462
450
492
493
450
487
438
457
473
491
463
512
492
499
495
444
468
493
459
515
450
479
457
443
447
497
505
493
437
483
451
490
534
534
500
541
468
461
476
496
532
459
474
539
497
522
472
489
548
514
502
519
464
525
542
467
560
519
524
522
526
479
512
526
499
559
514
521
531
512
527
500
515
552
490
566
536
583
510
583
501
488
511
535
505
532
536
589
594
559
535
536
577
516
600
587
601
544
516
599
533
573
582
554
595
586
573
577
578
556
530
611
526
616
615
536
619
568
603
614
558
596
536
617
539
617
587
602
634
547
625
616
551
616
548
599
610
562
609
621
616
600
563
569
644
578
648
565
564
568
612
600
651
591
641
647
589
619
652
638
629
666
605
615
656
660
622
583
666
675
587
622
600
638
633
675
609
640
679
601
602
609
665
659
631
599
672
616
613
684
680
654
669
622
635
635
618
698
675
633
650
683
627
624
687
615
637
624
674
685
667
686
689
626
682
659
652
720
715
721
689
711
633
678
668
632
701
725
647
654
715
737
724
651
702
737
686
682
717
720
654
667
683
730
737
676
701
680
706
676
657
686
714
727
751
753
741
692
694
717
674
704
745
729
676
753
714
728
712
728
682
703
685
683
718
750
736
716
744
772
697
762
786
766
782
755
737
789
703
778
746
730
754
786
743
709
713
748
756
756
760
753
758
757
742
743
746
768
794
726
761
759
810
782
782
811
772
795
736
800
730
813
822
818
803
818
808
735
790
823
738
800
835
831
836
749
760
831
782
790
843
845
793
813
825
791
782
828
828
831
833
838
856
788
843
791
793
774
783
793
792
844
847
819
840
773
824
808
819
829
870
852
862
878
853
848
853
811
817
826
849
795
872
879
864
803
891
802
891
878
821
856
799
850
865
846
869
889
851
845
900
809
876
882
880
836
856
867
856
848
830
905
874
918
865
889
872
901
877
904
848
831
915
890
857
870
867
921
851
841
880
857
890
928
893
932
895
928
896
867
895
938
896
934
871
906
904
875
875
941
926
945
884
901
861
910
892
931
886
893
944
895
939
968
887
957
924
898
904
957
937
958
904
933
970
902
916
932
946
956
983
952
949
957
921
940
917
908
960
931
956
988
938
958
985
902
947
973
934
980
945
1002
948
998
948
966
953
1005
977
929
991
950
933
932
981
945
998
941
927
943
1021
1018
1018
1023
965
973
963
1027
952
1032
1017
964
1008
1034
1027
1014
981
982
1044
949
988
1015
970
981
970
992
1021
1007
1039
1013
961
999
1045
1047
1028
979
1062
986
1033
1052
983
1011
989
978
1015
1031
979
1058
985
1000
1045
1076
1005
1055
1062
1035
1041
1026
1000
1005
1085
1050
1086
1010
1005
1050
1027
1062
1078
1069
1007
1082
1080
1090
1099
1080
1018
1090
1074
1036
1028
1062
1044
1037
1031
1065
1090
1095
1067
1087
1040
1102
1110
1061
1058
1120
1086
1047
1077
1052
1038
1122
1084
1035
1087
1070
1060
1081
1044
1134
1044
1067
1065
1043
1048
1106
1126
1117
1054
1110
1109
1114
1120
1120
1130
1130
1139
1113
1094
1057
1104
1109
1076
1085
1124
1070
1066
1084
1157
1127
1113
1127
1157
1107
1145
1112
1113
1093
1104
1102
1176
1120
1124
1146
1125
1083
1169
1137
1171
1145
1167
1102
1122
1158
1143
1101
1138
1152
1178
1124
1133
1118
1149
1150
1139
1176
1146
1196
1184
1153
1121
1166
1164
1157
1159
1201
1211
1202
1210
1191
1184
1201
1127
1197
1126
1207
1157
1187
1153
1203
1200
1224
1204
1173
1137
1178
1149
1144
1191
1178
1187
1233
1164
1228
1184
1162
1238
1145
1237
1203
1188
1206
1186
1219
1218
1217
1208
1200
1191
1206
1220
1244
1257
1231
1235
1194
1196
1250
1256
1192
1242
1200
1192
1188
1208
1269
1202
1239
1188
1182
1242
1229
1249
1257
1238
1244
1222
1185
1204
1188
1281
1225
1277
1224
1257
1284
1256
1256
1218
1260
1270
1254
1291
1200
1260
1270
1211
1300
1291
1242
1216
1296
1307
1233
1237
1235
1282
1256
1260
1311
1221
1294
1271
1260
1235
1300
1229
1322
1266
1272
1249
1324
1289
1231
1330
1262
1280
1328
1301
1276
1334
1245
1270
1331
1266
1289
1262
1288
1308
1331
1307
1263
1296
1266
1342
1326
1282
1349
1275
1269
1324
1295
1353
1329
1341
1283
1346
1352
1291
1358
1292
1340
1311
1312
1302
1323
1328
1322
1373
1300
1331
1312
1366
1304
1375
1353
1338
1346
1364
1349
1299
1335
1297
1301
1296
1368
1322
1323
1303
1351
1333
1383
1337
1328
1387
1399
1322
1385
1347
1350
1389
1375
1350
1389
1345
1408
1398
1400
1394
1330
1410
1398
1353
1368
1355
1397
1387
1387
1375
1415
1327
1400
1422
1401
1361
1352
1415
1376
1360
1366
1386
1402
1360
1349
1437
1373
1440
1398
1419
1404
1417
1430
1446
1381
1435
1428
1406
1414
1443
1429
1423
1377
1384
1426
1381
1417
1435
1429
1429
1424
1410
1411
1374
1392
1396
1413
1394
1442
1427
1456
1461
1473
1452
1400
1405
1444
1479
1407
1435
1472
1427
1403
1432
1407
1434
1426
1401
1479
1494
1396
1441
1490
1495
1408
1421
1416
1442
1464
1439
1411
1426
1451
1415
1489
1423
1448
1488
1436
1490
1499
1458
1484
1509
1436
1486
1505
1428
1463
1500
1460
1467
1488
1503
1510
1480
1435
1487
1462
1524
1475
1447
1511
1487
1528
1453
1478
1474
1530
1526
1496
1448
1493
1513
1519
1500
1470
1527
1465
1485
1524
1480
1549
1515
1534
1542
1477
1488
1464
1538
1505
1517
1524
1482
1489
1560
1472
1516
1479
1562
1479
1554
1524
1558
1497
1567
1525
1551
1559
1545
1582
1580
1514
1529
1562
1545
1588
1526
1584
1504
1530
1562
1544
1508
1547
1537
1523
1551
1581
1595
1583
1520
1556
1589
1583
1521
1529
1526
1531
1613
1596
1526
1605
1615
1547
1602
1538
1564
1607
1624
1579
1536
1551
1555
1623
1561
1623
1567
1603
1597
1564
1575
1549
1549
1547
1571
1605
1641
1590
1554
1642
1554
1626
1576
1550
1604
1565
1588
1575
1623
1559
1601
1564
1575
1616
1658
1638
1646
1598
1609
1591
1577
1626
1599
1596
1575
1645
1589
1660
1632
1649
1617
1654
1606
1630
1582
1622
1599
1655
1666
1664
1657
1679
1650
1678
1671
1607
1684
1596
1637
1604
1638
1616
1611
1652
1695
1634
1631
1617
1610
1689
1609
1681
1609
1638
1643
1704
1631
1691
1706
1654
1669
1707
1642
1702
1669
1659
1720
1627
1682
1696
1673
1643
1650
1643
1719
1672
1650
1711
1706
1701
1715
1648
1694
1738
1719
1672
1686
1713
1678
1744
1730
1697
1675
1706
1737
1723
1752
1685
1725
1749
1747
1724
1716
1743
1684
1728
1740
1677
1688
1694
1703
1723
1743
1743
1673
1718
1722
1726
1758
1711
1727
1723
1726
1715
1757
1689
1704
1774
1762
1779
1768
1746
1751
1696
1748
1742
1761
1737
1734
1793
1746
1735
1732
1743
1717
1722
1750
1773
1747
1761
1804
1802
1797
1797
1801
1718
1810
1750
1729
1770
1752
1740
1741
1769
1729
1791
1757
1770
1775
1764
1811
1760
1778
1761
1801
1752
1821
1790
1759
1790
1830
1745
1780
1799
1747
1760
1790
1815
1820
1837
1766
1807
1829
1839
1842
1783
1836
1758
1841
1838
1828
1800
1773
1794
1845
1820
1795
1860
1769
1857
1841
1830
1849
1821
1794
1831
1787
1853
1807
1798
1835
1842
1865
1798
1861
1799
1793
1862
1873
1848
1848
1865
1790
1820
1882
1854
1853
1804
1869
1878
1883
1842
1818
1887
1807
1878
1876
1885
1902
1896
1840
1858
1907
1885
1891
1889
1828
1830
1906
1889
1907
1911
1858
1863
1866
1894
1844
1900
1854
1841
1892
1871
1891
1859
1881
1871
1870
1905
1909
1889
1844
1878
1853
1886
1857
1921
1863
1929
1939
1886
1867
1938
1932
1930
1870
1866
1909
1882
1888
1858
1879
1941
1877
1904
1915
1930
1864
1954
1890
1914
1940
1896
1968
1898
1945
1887
1925
1897
1927
1941
1878
1926
1883
1953
1951
1941
1960
1912
1931
1960
1911
1908
1975
1943
1989
1895
1895
1954
1934
1987
1927
1900
1959
1902
1927
1941
1911
1953
1960
2000
1956
1947
1986
1976
1959
1958
2012
1952
1945
1960
1951
1975
1999
1986
1924
1979
1925
1963
1941
1935
2013
2003
1979
2019
2014
1992
1940
1949
1964
2028
2001
1988
2031
1999
1979
1989
2041
1945
1997
1959
2011
2018
2002
2026
2039
2026
2016
2016
1996
1978
2035
2047
1997
2053
1989
1976
2045
1978
2063
1972
1981
2028
2032
2067
1977
2000
2054
2057
2022
2050
2060
1999
2011
1985
2032
1990
2035
1993
2067
2064
2067
1993
2072
2005
1999
2005
2061
2022
2062
2010
2041
2035
2020
2041
2026
2057
2074
2035
2051
2081
2041
2045
2095
2053
2104
2022
2100
2109
2040
2030
2099
2080
2022
2030
2093
2069
2038
2032
2040
2029
2107
2052
2046
2064
2048
2085
2128
2096
2115
2054
2039
2082
2132
2046
2064
2100
2123
2128
2102
2079
2079
2080
2078
2054
2110
2147
2070
2110
2070
2111
2085
2116
2145
2123
2118
2129
2129
2144
2066
2070
2113
2079
2127
2087
2076
2164
2089
2163
2100
2149
2079
2114
2160
2178
2124
2082
2095
2123
2156
2104
2139
2110
2161
2142
2183
2117
2153
2100
2114
2116
2142
2173
2133
2181
2147
2129
2106
2151
2134
2146
2142
2174
2190
2202
2138
2112
2113
2122
2136
2198
2179
2156
2160
2201
2172
2132
2184
2156
2131
2157
2219
2216
2208
2169
2182
2161
2206
2172
2226
2234
2199
2213
2202
2210
2199
2190
2234
2190
2150
2184
2157
2164
2157
2165
2213
2244
2248
2244
2166
2175
2202
2203
2223
2222
2169
2188
2196
2194
2226
2212
2212
2257
2249
2244
2249
2241
2202
2188
2194
2239
2246
2251
2265
2199
2224
2207
2214
2280
2209
2246
2256
2246
2288
2267
2288
2266
2274
2200
2280
2214
2229
2230
2248
2253
2216
2240
2279
2252
2220
2290
2280
2258
2304
2245
2259
2302
2229
2258
2266
2289
2222
2227
2280
2235
2230
2235
2260
2247
2285
2243
2229
2246
2310
2252
2260
2257
2268
2291
2314
2269
2304
2317
2283
2327
2310
2315
2319
2343
2303
2281
2252
2249
2308
2283
2296
2287
2285
2261
2325
2300
2323
2297
2357
2332
2293
2297
2299
2339
2304
2327
2277
2325
2288
2305
2333
2341
2319
2370
2323
2290
2370
2320
2305
2288
2336
2376
2333
2380
2289
2344
2368
2372
2314
2303
2329
2302
2373
2350
2390
2368
2387
2394
2390
2363
2330
2304
2358
2397
2369
2360
2390
2382
2328
2336
2395
2348
2315
2386
2360
2372
2385
2367
2321
2323
2370
2380
2340
2358
2378
2342
2342
2417
2361
2331
2420
2333
2345
2414
2381
2393
2434
2344
2371
2368
2423
2367
2429
2440
2424
2401
2399
2423
2420
2414
2417
2426
2436
2371
2424
2398
2423
2411
2428
2365
2375
2430
2443
2422
2372
2390
2397
2416
2458
2466
2432
2414
2375
2394
2472
2448
2385
2429
2432
2417
2412
2390
2413
2456
2400
2450
2422
2464
2420
2412
2463
2451
2417
2417
2445
2441
2461
2462
2411
2444
2495
2449
2463
2452
2454
2442
2464
2409
2498
2500
2499
2472
2424
2465
2507
2494
2457
2480
2505
2490
2496
2450
2511
2484
2444
2513
2524
2485
2451
2482
2489
2468
2464
2526
2509
2471
2495
2530
2497
2454
2485
2469
2449
2512
2529
2510
2534
2460
2473
2468
2514
2452
2502
2475
2548
2491
2507
2482
2502
2463
2499
2526
2511
2550
2563
2523
2536
2479
2555
2498
2566
2487
2482
2531
2541
2494
2553
2544
2546
2563
2496
2571
2538
2525
2572
2567
2517
2513
2557
2513
2555
2587
2588
2565
2537
2549
2547
2542
2581
2522
2513
2542
2596
2595
2554
2564
2517
2572
2569
2512
2518
2590
2531
2587
2585
2590
2523
2562
2592
2537
2615
2581
2565
2595
2531
2605
2593
2542
2612
2603
2581
2533
2608
2574
2598
2604
2589
2592
2608
2565
2613
2543
2572
2605
2621
2578
2557
2619
2632
2578
2578
2588
2582
2639
2590
2642
2590
2610
2602
2574
2644
2611
2565
2650
2592
2593
2656
2665
2574
2586
2606
2600
2643
2575
2594
2622
2661
2630
2614
2648
2675
2611
2624
2665
2595
2612
2618
2678
2660
2599
2679
2676
2690
2681
2670
2616
2616
2626
2615
2676
2634
2677
2638
2695
2704
2609
2672
2682
2678
2649
2611
2695
2631
2671
2712
2686
2629
2636
2620
2695
2648
2681
2625
2689
2636
2700
2633
2635
2689
2721
2692
2693
2654
2659
2681
2665
2666
2680
2737
2690
2699
2692
2681
2685
2739
2668
2704
2730
2693
2666
2651
2699
2718
2713
2667
2680
2705
2699
2660
2756
2711
2686
2687
2734
2693
2704
2721
2739
2681
2759
2674
2721
2716
2743
2749
2742
2722
2768
2742
2771
2752
2742
2740
2762
2693
2688
2701
2758
2737
2780
2708
2729
2700
2696
2789
2724
2741
2725
2758
2765
2773
2758
2761
2765
2746
2767
2768
2740
2797
2758
2731
2798
2729
2776
2743
2746
2807
2737
2784
2795
2755
2722
2815
2819
2728
2740
2758
2790
2765
2821
2771
2774
2821
2736
2820
2760
2826
2836
2837
2743
2807
2778
2775
2770
2780
2814
2780
2825
2841
2849
2794
2848
2785
2844
2843
2766
2798
2802
2845
2850
2807
2800
2819
2789
2784
2860
2835
2855
2777
2828
2826
2792
2773
2850
2863
2849
2860
2797
2795
2781
2804
2864
2789
2794
2875
2845
2794
2855
2843
2860
2864
2801
2852
2867
2841
2817
2835
2811
2845
2823
2889
2875
2855
2884
2845
2895
2883
2862
2878
2862
2892
2821
2898
2903
2891
2841
2848
2896
2875
2833
2831
2900
2882
2904
2896
2917
2914
2847
2872
2927
2873
2883
2906
2888
2912
2888
2850
2910
2855
2895
2906
2895
2933
2871
2941
2869
2926
2916
2855
2914
2851
2915
2868
2880
2862
2886
2907
2900
2885
2873
2869
2948
2878
2961
2877
2885
2915
2949
2935
2907
2945
2905
2882
2923
2908
2905
2962
2957
2884
2900
2949
2932
2933
2886
2977
2935
2967
2954
2911
2901
2904
2971
2904
2980
2981
2995
2910
2915
2936
2912
2916
2960
2976
2948
3004
2955
2973
2979
2941
2960
2959
2934
2914
3007
2939
2920
2949
2947
2996
2932
2921
2940
2942
2992
2964
2933
2955
2970
2983
3002
3007
3014
2961
2958
2965
2936
2971
2991
3022
3039
3000
3019
2973
2988
3015
2949
2965
3034
3044
2973
2975
2985
3010
2962
3036
3021
3017
3028
3006
2971
3024
3046
3050
2997
3024
3041
3022
3044
3022
3042
3037
3043
3033
3066
3007
2982
3003
3050
3038
3018
3062
3060
3019
3012
3000
3052
3049
3024
3085
3087
3074
3031
3013
3027
3035
3091
3008
3029
3036
3067
3050
3054
3055
3101
3010
3014
3024
3081
3093
3024
3066
3102
3016
3034
3050
3080
3063
3048
3052
3039
3054
3115
3034
3094
3109
3044
3079
3086
3046
3101
3054
3091
3071
3123
3042
3072
3116
3077
3102
3106
3080
3048
3117
3116
3068
3124
3117
3082
3125
3125
3094
3084
3077
3080
3059
3137
3120
3100
3149
3085
3117
3130
3063
3078
3079
3125
3112
3132
3130
3072
3105
3085
3142
3139
3084
3138
3111
3107
3080
3126
3176
3174
3176
3092
3141
3134
3106
3096
3175
3170
3155
3105
3156
3151
3121
3191
3122
3128
3191
3108
3141
3139
3108
3170
3132
3147
3191
3153
3171
3166
3191
3174
3178
3150
3208
3166
3188
3119
3146
3215
3189
3161
3149
3128
3217
3135
3132
3155
3226
3149
3142
3186
3179
3137
3140
3221
3142
3144
3161
3150
3223
3211
3233
3222
3233
3194
3169
3184
3155
3239
3208
3180
3190
3212
3165
3177
3163
3225
3168
3173
3165
3187
3227
3226
3172
3214
3265
3246
3233
3255
3181
3228
3203
3204
3229
3265
3271
3265
3273
3219
3204
3182
3186
3260
3236
3224
3189
3222
3232
3250
3200
3256
3285
3255
3250
3214
3201
3283
3237
3279
3298
3274
3274
3250
3249
3251
3242
3251
3273
3291
3291
3266
3236
3303
3268
3221
3220
3300
3240
3232
3283
3228
3263
3239
3263
3259
3261
3251
3247
3275
3295
3238
3280
3292
3255
3324
3257
3273
3298
3306
3255
3290
3289
3247
3286
3294
3336
3318
3269
3315
3339
3346
3315
3294
3297
3325
3303
3272
3281
3302
3331
3322
3278
3273
3299
3301
3351
3360
3325
3303
3278
3348
3296
3285
3299
3367
3293
3330
3303
3311
3363
3329
3381
3309
3379
3288
3341
3303
3362
3321
3380
3305
3363
3306
3319
3322
3355
3338
3362
3357
3321
3342
3389
3364
3364
3339
3307
3377
3346
3348
3382
3350
3346
3321
3372
3347
3387
3331
3356
3347
3386
3368
3367
3394
3393
3359
3362
3389
3362
3394
3427
3340
3349
3417
3420
3413
3409
3407
3406
3352
3397
3429
3373
3403
3359
3408
3407
3405
3392
3390
3355
3352
3371
3362
3449
3419
3406
3416
3425
3430
3421
3401
3372
3378
3406
3435
3425
3379
3449
3447
3412
3402
3420
3392
3404
3442
3447
3431
3395
3430
3443
3442
3435
3407
3389
3403
3463
3460
3487
3467
3482
3460
3433
3488
3494
3414
3464
3400
3446
3466
3455
3438
3467
3421
3431
3446
3487
3425
3421
3431
3470
3465
3434
3451
3487
3429
3446
3450
3425
3478
3498
3503
3503
3518
3505
3506
3461
3434
3457
3485
3441
3508
3496
3461
3463
3440
3458
3501
3503
3534
3535
3505
3455
3518
3475
3459
3506
3540
3508
3518
3519
3514
3459
3471
3464
3463
3466
3493
3528
3500
3479
3462
3529
3483
3484
3482
3502
3484
3488
3478
3541
3473
3572
3493
3500
3563
3488
3484
3564
3517
3531
3574
3553
3488
3568
3572
3543
3541
3587
3584
3547
3590
3573
3590
3529
3555
3559
3594
3573
3588
3539
3595
3566
3568
3536
3594
3606
3532
3558
3596
3588
3580
3538
3602
3522
3519
3547
3560
3613
3603
3565
3616
3606
3548
3621
3554
3602
3593
3626
3565
3597
3606
3560
3614
3588
3624
3600
3602
3629
3596
3592
3569
3594
3586
3567
3625
3629
3610
3632
3570
3593
3577
3588
3596
3621
3578
3619
3636
3587
3606
3564
3594
3586
3623
3596
3592
3599
3659
3653
3614
3649
3585
3580
3597
3596
3609
3589
3594
3616
3609
3644
3639
3611
3607
3589
3673
3656
3617
3602
3612
3609
3607
3687
3596
3680
3615
3679
3634
3664
3696
3633
3676
3612
3674
3697
3668
3609
3694
3619
3629
3617
3688
3668
3639
3681
3669
3658
3681
3687
3707
3696
3713
3636
3682
3663
3626
3684
3661
3673
3690
3660
3662
3686
3665
3661
3701
3639
3725
3705
3673
3703
3669
3733
3671
3676
3649
3688
3678
3668
3732
3730
3749
3653
3692
3752
3661
3725
3727
3689
3729
3668
3698
3724
3685
3670
3713
3680
3713
3756
3740
3713
3766
3719
3757
3709
3684
3770
3771
3742
3747
3754
3682
3690
3740
3750
3773
3688
3744
3729
3785
3760
3739
3787
3762
3772
3770
3725
3771
3739
3762
3786
3730
3780
3724
3783
3715
3806
3794
3758
3783
3751
3773
3754
3763
3800
3809
3798
3767
3808
3793
3795
3748
3772
3724
3773
3738
3820
3821
3805
3735
3752
3762
3791
3823
3779
3777
3809
3828
3751
3756
3803
3813
3842
3790
3804
3762
3826
3813
3817
3815
3825
3825
3819
3830
3819
3772
3799
3816
3790
3773
3786
3792
3793
3765
3809
3772
3781
3851
3843
3804
3857
3806
3807
3828
3821
3843
3821
3796
3809
3803
3865
3879
3840
3841
3853
3850
3877
3852
3797
3855
3821
3873
3858
3890
3825
3857
3829
3821
3800
3872
3868
3865
3896
3862
3889
3892
3830
3879
3899
3863
3828
3835
3827
3824
3860
3859
3866
3841
3885
3870
3873
3904
3883
3831
3892
3835
3888
3910
3882
3886
3898
3925
3836
3875
3927
3890
3850
3874
3936
3919
3881
3893
3900
3883
3845
3888
3933
3905
3874
3885
3933
3887
3903
3903
3952
3945
3914
3912
3947
3916
3889
3865
3867
3935
3876
3897
3916
3897
3938
3883
3904
3912
3873
3952
3936
3933
3923
3972
3976
3948
3941
3932
3944
3973
3942
3923
3939
3948
3925
3947
3945
3964
3899
3911
3940
3978
3900
3975
3969
3994
3971
3979
3994
3914
3941
3958
3923
3975
3940
3929
3944
4004
3933
4008
3937
3943
3984
3964
3921
3983
3968
3958
4012
3952
3929
3934
3973
3972
4025
3985
4019
3939
3951
3986
4028
3948
4014
4031
3989
3998
3978
4010
3961
3951
4044
3963
3950
4005
3954
4005
3953
3976
3963
4024
4048
4022
3960
4007
4005
3969
4012
4027
3991
4052
4034
3981
3972
3985
4019
4021
4037
3990
4035
3998
4069
4024
4006
3984
4039
4058
4027
4006
4044
4014
4000
4005
4064
4084
4007
4001
4086
4066
4016
3994
4006
4045
4086
4048
4073
4033
4028
4036
4032
4041
4023
4063
4050
4031
4050
4076
4031
4021
4083
4031
4076
4091
4041
4102
4046
4052
4047
4026
4068
4109
4064
4093
4078
4123
4062
4060
4079
4129
4049
4053
4128
4068
4037
4116
4136
4088
4074
4128
4122
4102
4073
4089
4078
4100
4099
4149
4145
4084
4089
4149
4060
4060
4137
4151
4132
4127
4076
4089
4122
4098
4087
4081
4123
4139
4136
4098
4088
4082
4134
4131
4075
4078
4114
4155
4166
4176
4099
4100
4115
4086
4148
4109
4120
4187
4110
4156
4104
4177
4098
4163
4107
4135
4122
4108
4146
4114
4172
4102
4168
4128
4145
4115
4149
4123
4189
4125
4146
4157
4166
4197
4180
4124
4121
4207
4199
4138
4154
4211
4126
4214
4151
4207
4184
4138
4193
4157
4225
4230
4180
4205
4166
4223
4226
4173
4164
4192
4168
4183
4170
4242
4203
4174
4237
4199
4194
4207
4204
4245
4225
4157
4190
4231
4228
4211
4237
4190
4237
4183
4259
4237
4245
4231
4174
4206
4169
4267
4253
4175
4198
4184
4209
4253
4177
4249
4241
4208
4201
4254
4192
4184
4244
4225
4215
4241
4221
4240
4191
4289
4222
4280
4200
4289
4260
4267
4284
4245
4278
4263
4296
4235
4221
4298
4296
4239
4286
4282
4244
4242
4229
4267
4307
4262
4249
4280
4289
4307
4244
4263
4251
4244
4302
4276
4308
4273
4327
4297
4304
4295
4312
4261
4297
4333
4281
4332
4245
4273
4287
4249
4323
4311
4257
4294
4299
4270
4286
4321
4347
4278
4294
4317
4263
4332
4346
4349
4329
4348
4334
4315
4345
4301
4328
4294
4321
4306
4283
4292
4350
4307
4314
4346
4279
4284
4327
4329
4334
4337
4287
4353
4329
4366
4331
4293
4344
4354
4353
4388
4322
4365
4355
4381
4376
4349
4346
4343
4347
4392
4356
4385
4347
4319
4328
4372
4320
4367
4385
4322
4350
4405
4365
4398
4352
4357
4384
4326
4327
4382
4415
4329
4373
4421
4361
4358
4347
4406
4399
4342
4423
4378
4351
4412
4385
4386
4406
4345
4430
4361
4379
4382
4412
4355
4383
4363
4437
4428
4437
4401
4372
4450
4414
4396
4408
4448
4451
4363
4375
4391
4426
4367
4371
4456
4449
4450
4439
4450
4388
4419
4388
4466
4426
4383
4395
4395
4396
4442
4463
4461
4416
4473
4464
4477
4425
4468
4469
4430
4398
4436
4434
4402
4422
4408
4464
4399
4482
4412
4497
4424
4421
4467
4431
4422
4465
4443
4449
4460
4475
4422
4412
4430
4446
4460
4492
4471
4437
4489
4455
4452
4435
4491
4464
4456
4510
4504
4510
4453
4459
4526
4450
4442
4470
4470
4463
4442
4514
4448
4477
4500
4499
4514
4443
4483
4510
4522
4522
4540
4485
4494
4498
4494
4462
4471
4468
4512
4486
4511
4502
4519
4553
4555
4509
4557
4483
4528
4527
4537
4495
4473
4506
4512
4524
4530
4550
4479
4535
4485
4481
4548
4548
4482
4558
4548
4495
4565
4518
4582
4538
4490
4508
4505
4532
4509
4580
4501
4543
4561
4563
4500
4584
4507
4521
4548
4533
4548
4539
4526
4514
4594
4517
4580
4584
4606
4522
4586
4573
4602
4599
4569
4534
4534
4550
4561
4602
4589
4550
4547
4578
4570
4586
4620
4614
4621
4554
4546
4590
4630
4588
4547
4582
4566
4578
4572
4591
4591
4581
4632
4612
4645
4647
4618
4617
4598
4618
4647
4608
4614
4571
4566
4631
4637
4661
4630
4659
4620
4589
4630
4630
4640
4602
4639
4603
4621
4613
4674
4609
4614
4671
4624
4646
4611
4632
4657
4668
4641
4605
4667
4598
4620
4681
4595
4675
4651
4632
4693
4667
4655
4620
4683
4680
4639
4647
4690
4633
4653
4673
4608
4626
4678
4690
4647
4688
4690
4632
4650
4694
4645
4678
4625
4644
4663
4661
4716
4684
4645
4645
4698
4637
4639
4673
4633
4724
4669
4686
4703
4663
4703
4652
4646
4740
4707
4676
4703
4705
4680
4669
4732
4743
4721
4680
4676
4684
4694
4728
4744
4753
4696
4660
4694
4742
4735
4686
4667
4707
4703
4668
4741
4680
4749
4672
4700
4756
4694
4739
4705
4765
4766
4701
4744
4750
4765
4717
4771
4722
4723
4747
4759
4782
4743
4768
4700
4709
4713
4724
4783
4747
4757
4784
4781
4749
4799
4790
4759
4712
4709
4725
4764
4750
4725
4803
4738
4786
4754
4801
4745
4809
4761
4800
4742
4777
4750
4758
4724
4785
4806
4799
4742
4733
4791
4787
4746
4821
4756
4776
4749
4834
4799
4823
4834
4750
4839
4768
4792
4759
4835
4756
4804
4811
4762
4773
4826
4833
4810
4846
4761
4771
4816
4802
4786
4850
4764
4814
4836
4854
4793
4864
4822
4803
4789
4817
4825
4818
4824
4837
4800
4787
4834
4783
4872
4804
4800
4815
4834
4861
4875
4803
4878
4861
4843
4878
4873
4875
4873
4877
4884
4850
4854
4834
4837
4836
4832
4845
4850
4817
4812
4856
4884
4817
4831
4908
4834
4818
4891
4870
4826
4896
4895
4847
4846
4895
4859
4834
4911
4909
4868
4830
4838
4841
4902
4890
4872
4862
4910
4847
4923
4912
4867
4877
4856
4863
4858
4896
4931
4876
4873
4919
4941
4889
4923
4852
4909
4950
4937
4925
4937
4871
4915
4956
4882
4913
4947
4891
4904
4917
4934
4950
4943
4954
4933
4954
4895
4933
4896
4898
4925
4903
4966
4892
4900
4956
4923
4975
4983
4938
4919
4964
4891
4930
4965
4922
4910
4903
4933
4908
4915
4904
4950
4993
4928
4999
4954
4956
4936
4940
4907
4971
4934
4953
4952
4952
4948
4993
4957
4925
4937
4944
4968
4941
4969
4939
4957
5010
4969
4992
4959
5017
4952
4941
5021
4977
4944
4957
4966
4996
4948
4962
4995
4977
4951
5006
4973
5025
5037
5035
5006
5011
5040
4992
5011
4968
5017
5000
5002
4974
5041
4987
4977
4961
5045
4968
5058
5007
5034
5004
5058
5012
5017
4974
5008
5013
5051
5040
5009
4990
4991
5040
5010
4998
5066
5015
5076
5078
5069
5050
5069
5080
5074
5000
5000
5026
5012
5009
5015
5029
5030
5021
5093
5075
5059
5074
5027
5014
5006
5022
5032
5062
5043
5022
5082
5102
5097
5093
5018
5063
5098
5075
5030
5071
5030
5101
5064
5047
5089
5084
5082
5038
5056
5080
5099
5044
5083
5095
5047
5053
5114
5112
5114
5126
5099
5103
5090
5048
5057
5063
5134
5086
5117
5143
5094
5087
5070
5117
5058
5132
5132
5066
5145
5144
5121
5131
5125
5097
5143
5069
5127
5111
5141
5162
5159
5158
5093
5080
5171
5078
5140
5111
5085
5157
5085
5124
5126
5143
5165
5093
5120
5165
5088
5167
5172
5120
5142
5148
5118
5116
5165
5192
5186
5151
5143
5176
5195
5188
5194
5201
5185
5193
5132
5154
5111
5136
5137
5155
5207
5152
5203
5137
5206
5178
5179
5187
5184
5193
5217
5128
5218
5160
5186
5200
5199
5195
5221
5224
5223
5141
5147
5172
5206
5168
5158
5175
5167
5175
5155
5165
5191
5148
5201
5154
5201
5191
5177
5251
5204
5167
5160
5254
5195
5258
5184
5205
5261
5232
5251
5218
5231
5265
5208
5171
5226
5212
5175
5255
5229
5224
5244
5252
5184
5243
5181
5209
5204
5216
5224
5215
5252
5230
5231
5288
5281
5274
5219
5268
5255
5263
5216
5273
5252
5241
5249
5280
5250
5285
5243
5283
5271
5294
5259
5246
5298
5290
5219
5237
5251
5270
5298
5255
5224
5310
5262
5248
5244
5255
5240
5232
5249
5307
5299
5273
5283
5297
5272
5300
5283
5256
5252
5282
5321
5289
5252
5271
5249
5310
5291
5336
5284
5266
5346
5277
5321
5262
5293
5280
5322
5266
5274
5293
5302
5350
5315
5274
5278
5329
5325
5362
5296
5277
5268
5342
5364
5362
5322
5289
5347
5309
5353
5311
5345
5307
5280
5340
5303
5357
5357
5295
5348
5357
5290
5308
5378
5379
5365
5379
5370
5353
5336
5379
5354
5396
5312
5334
5376
5312
5369
5327
5404
5343
5342
5336
5378
5396
5373
5343
5346
5374
5403
5381
5344
5408
5384
5369
5361
5367
5412
5398
5347
5383
5404
5348
5417
5383
5338
5352
5427
5383
5379
5412
5369
5341
5354
5401
5392
5408
5379
5418
5440
5362
5430
5368
5435
5433
5429
5358
5372
5434
5390
5451
5375
5361
5394
5380
5450
5406
5419
5443
5383
5444
5409
5429
5439
5438
5424
5387
5397
5462
5427
5407
5429
5446
5393
5420
5439
5471
5411
5433
5458
5415
5447
5456
5418
5467
5486
5439
5444
5448
5455
5446
5420
5405
5450
5441
5409
5485
5432
5477
5496
5445
5425
5423
5469
5444
5433
5416
5438
5513
5430
5442
5428
5456
5464
5518
5474
5442
5511
5507
5450
5451
5435
5489
5474
5472
5514
5469
5460
5468
5524
5466
5443
5502
5468
5509
5466
5524
5482
5493
5534
5527
5527
5493
5514
5492
5464
5473
5509
5471
5496
5555
5537
5544
5460
5537
5536
5496
5525
5560
5470
5554
5541
5496
5527
5529
5513
5530
5521
5486
5525
5509
5570
5546
5547
5579
5557
5537
5574
5488
5558
5558
5511
5513
5553
5536
5529
5526
5528
5496
5516
5516
5516
5552
5546
5517
5539
5553
5520
5579
5603
5588
5566
5513
5557
5538
5579
5552
5555
5602
5534
5572
5614
5606
5558
5548
5564
5622
5541
5560
5566
5580
5554
5613
5547
5568
5568
5594
5602
5552
5555
5615
5624
5599
5607
5565
5605
5601
5638
5601
5616
5608
5576
5641
5606
5617
5633
5588
5595
5593
5651
5616
5573
5618
5602
5592
5595
5624
5580
5627
5598
5632
5594
5622
5615
5581
5611
5641
5626
5579
5618
5665
5613
5588
5583
5604
5630
5595
5646
5683
5659
5643
5636
5626
5595
5631
5629
5638
5644
5603
5638
5680
5672
5634
5628
5697
5641
5631
5650
5607
5659
5615
5692
5647
5654
5671
5664
5664
5685
5634
5638
5678
5638
5658
5628
5719
5682
5686
5669
5671
5680
5672
5641
5727
5665
5665
5651
5688
5720
5660
5670
5697
5661
5655
5723
5703
5703
5722
5666
5734
5712
5669
5711
5651
5671
5736
5708
5697
5750
5723
5738
5705
5732
5717
5675
5728
5724
5671
5713
5694
5714
5676
5714
5673
5764
5755
5767
5730
5699
5698
5691
5763
5742
5742
5727
5729
5715
5698
5771
5739
5750
5757
5764
5746
5748
5788
5788
5786
5781
5792
5714
5768
5751
5773
5777
5730
5760
5736
5722
5750
5714
5729
5795
5791
5712
5761
5764
5716
5732
5768
5810
5808
5814
5741
5728
5737
5744
5768
5735
5790
5764
5816
5756
5779
5770
5762
5808
5738
5776
5767
5798
5835
5788
5787
5789
5830
5837
5820
5816
5749
5823
5776
5792
5831
5809
5799
5797
5826
5816
5846
5767
5767
5785
5804
5781
5847
5762
5781
5808
5833
5846
5799
5832
5842
5820
5790
5805
5790
5832
5847
5873
5802
5841
5819
5795
5847
5807
5811
5794
5799
5872
5832
5860
5801
5858
5867
5802
5829
5839
5795
5815
5844
5887
5830
5890
5881
5892
5834
5819
5885
5829
5870
5819
5839
5863
5818
5814
5907
5871
5892
5830
5870
5882
5891
5872
5852
5917
5865
5841
5854
5906
5893
5837
5832
5840
5851
5912
5841
5897
5918
5861
5928
5937
5863
5874
5856
5912
5843
5918
5905
5868
5850
5939
5866
5906
5938
5918
5909
5861
5896
5911
5930
5947
5882
5906
5913
5930
5870
5942
5878
5884
5915
5937
5904
5957
5944
5909
5944
5879
5945
5877
5887
5968
5907
5946
5954
5893
5884
5969
5892
5921
5937
5942
5955
5927
5899
5904
5946
5954
5910
5967
5944
5906
5980
5923
5909
5973
5904
5910
5981
5930
5992
5979
5941
5994
5939
5922
5961
5993
5925
5928
5949
5989
5987
5925
6004
5978
6013
5960
5940
5939
5942
6001
6027
6008
5947
5974
6014
5996
5948
6014
5999
6007
6015
5963
5957
5943
5980
5946
6009
6040
6046
6014
6019
6036
6043
6045
5956
6039
5979
5992
6018
5998
5993
5990
6047
6016
5976
6013
6062
6061
6048
5982
6001
6063
5994
5997
6021
6005
5992
6028
5994
6060
6037
6063
6049
6066
6067
6047
6010
6077
6049
6005
6001
6025
6049
6023
6025
6037
6006
6056
6086
6088
6027
6049
6069
6044
6064
6049
6028
6049
6037
6077
6066
6020
6033
6063
6018
6092
6080
6056
6026
6091
6105
6025
6084
6060
6026
6106
6029
6124
6085
6028
6041
6112
6031
6108
6043
6096
6103
6041
6136
6069
6126
6088
6131
6129
6073
6072
6142
6081
6126
6120
6083
6128
6138
6077
6071
6117
6076
6110
6131
6149
6101
6087
6078
6149
6127
6135
6156
6103
6141
6072
6138
6112
6144
6131
6118
6160
6155
6138
6126
6079
6122
6112
6159
6162
6100
6089
6118
6107
6092
6168
6157
6167
6108
6150
6125
6147
6137
6177
6147
6102
6158
6190
6109
6115
6156
6142
6157
6136
6187
6130
6146
6114
6192
6133
6179
6161
6211
6127
6184
6133
6202
6170
6203
6130
6181
6157
6194
6214
6217
6137
6151
6161
6156
6226
6177
6195
6137
6219
6211
6154
6222
6200
6234
6211
6200
6192
6173
6149
6181
6180
6241
6180
6204
6156
6199
6157
6240
6209
6232
6226
6219
6215
6215
6162
6181
6195
6215
6184
6265
6177
6239
6255
6184
6252
6213
6174
6214
6218
6205
6214
6197
6229
6247
6260
6184
6242
6196
6191
6232
6273
6228
6271
6206
6253
6229
6200
6211
6265
6294
6287
6219
6230
6237
6301
6284
6251
6265
6271
6208
6266
6244
6216
6221
6247
6251
6287
6289
6290
6281
6272
6284
6263
6239
6259
6320
6271
6247
6272
6323
6260
6238
6280
6270
6327
6256
6318
6241
6245
6320
6316
6331
6322
6310
6337
6305
6295
6330
6324
6306
6250
6257
6328
6276
6297
6332
6278
6264
6269
6318
6353
6342
6339
6297
6303
6310
6280
6319
6349
6297
6315
6275
6299
6352
6297
6297
6277
6300
6343
6298
6303
6376
6323
6328
6346
6382
6295
6299
6306
6310
6301
6337
6296
6312
6305
6332
6372
6303
6328
6376
6340
6304
6379
6369
6359
6304
6341
6317
6338
6375
6374
6371
6361
6376
6325
6348
6408
6328
6371
6386
6385
6377
6386
6343
6357
6398
6382
6327
6343
6420
6405
6357
6393
6347
6356
6380
6368
6385
6388
6406
6372
6382
6406
6406
6362
6359
6382
6402
6376
6370
6437
6447
6433
6354
6438
6376
6439
6356
6429
6370
6399
6371
6447
6368
6380
6380
6452
6404
6424
6404
6452
6379
6414
6400
6438
6438
6404
6442
6466
6476
6448
6411
6421
6443
6480
6430
6418
6430
6469
6438
6470
6472
6426
6426
6428
6489
6399
6431
6433
6484
6415
6495
6408
6410
6487
6500
6424
6483
6444
6459
6429
6494
6500
6484
6432
6464
6472
6494
6456
6472
6514
6502
6429
6461
6499
6430
6473
6477
6495
6521
6517
6434
6520
6449
6458
6511
6494
6446
6506
6475
6450
6470
6486
6532
6534
6521
6461
6504
6522
6451
6519
6462
6497
6501
6479
6457
6534
6539
6555
6480
6466
6485
6466
6482
6520
6463
6523
6477
6521
6524
6482
6488
6506
6562
6535
6541
6505
6484
6572
6510
6572
6479
6515
6503
6543
6498
6514
6507
6567
6512
6564
6534
6541
6496
6540
6554
6563
6566
6517
6509
6551
6544
6538
6520
6506
6553
6591
6517
6542
6591
6523
6519
6518
6538
6522
6522
6557
6541
6520
6520
6533
6561
6525
6589
6610
6529
6585
6605
6579
6576
6597
6570
6622
6625
6571
6629
6623
6565
6627
6597
6610
6576
6547
6542
6565
6594
6544
6581
6558
6612
6591
6645
6564
6615
6560
6627
6641
6644
6614
6561
6588
6645
6573
6651
6588
6602
6653
6595
6598
6641
6582
6601
6632
6647
6575
6626
6613
6626
6670
6637
6586
6622
6651
6642
6652
6603
6680
6587
6646
6625
6638
6604
6625
6643
6618
6649
6600
6631
6635
6657
6636
6671
6627
6622
6602
6688
6637
6619
6690
6682
6648
6628
6679
6706
6665
6690
6701
6678
6708
6650
6713
6663
6675
6633
6695
6647
6677
6654
6652
6677
6635
6690
6718
6654
6641
6634
6685
6660
6670
6726
6695
6704
6715
6655
6702
6650
6741
6658
6731
6712
6699
6740
6739
6653
6688
6701
6696
6745
6688
6684
6745
6686
6697
6716
6666
6686
6687
6748
6760
6670
6714
6750
6743
6702
6736
6720
6714
6726
6680
6718
6732
6749
6704
6690
6732
6706
6752
6756
6783
6772
6737
6741
6785
6733
6773
6714
6788
6787
6745
6725
6738
6784
6791
6756
6794
6774
6757
6705
6792
6711
6745
6736
6809
6746
6723
6791
6742
6716
6734
6801
6746
6731
6800
6767
6800
6811
6809
6741
6788
6731
6750
6820
6812
6798
6790
6758
6797
6796
6808
6792
6771
6828
6809
6778
6791
6772
6768
6779
6747
6781
6764
6811
6789
6781
6761
6791
6763
6840
6775
6828
6774
6830
6802
6766
6763
6835
6795
6802
6820
6788
6835
6782
6861
6789
6864
6846
6807
6857
6848
6784
6798
6828
6825
6865
6795
6800
6840
6868
6790
6832
6850
6824
6861
6869
6860
6856
6827
6803
6883
6840
6853
6872
6895
6837
6826
6823
6859
6816
6889
6901
6882
6843
6890
6823
6825
6893
6828
6879
6909
6889
6870
6900
6894
6868
6859
6882
6864
6899
6867
6835
6829
6867
6838
6912
6883
6906
6926
6875
6840
6865
6925
6918
6872
6878
6863
6910
6879
6848
6876
6944
6935
6877
6877
6910
6949
6927
6911
6937
6897
6943
6911
6905
6867
6879
6872
6910
6961
6964
6884
6891
6887
6903
6967
6968
6941
6966
6944
6955
6945
6915
6966
6891
6940
6932
6886
6896
6959
6974
6928
6960
6969
6936
6967
6905
6921
6945
6992
6914
6965
6983
6963
6971
6992
6927
6944
6924
6947
7000
6941
6947
6962
6925
6939
6995
6916
6918
6963
6939
7014
6918
6968
6966
7016
7003
7000
7004
6941
6951
6978
6998
6940
6971
6978
6956
7014
6974
6987
6949
7033
7030
6995
7037
6947
6982
7037
7001
7018
7004
7024
7037
7021
7028
6989
7034
6987
7040
6972
7009
7017
6994
7037
7008
6977
6963
7033
6997
7036
6982
7009
6969
7027
6974
7052
7027
7042
7060
7017
7015
7008
7061
6992
7009
7062
7034
7023
7021
7028
6999
7046
7042
6999
7008
7022
7060
7069
7074
7078
7049
7057
7053
7079
7026
7002
7052
7032
7017
7010
7104
7045
7067
7097
7064
7056
7026
7050
7022
7032
7037
7030
7052
7109
7117
7025
7048
7059
7106
7037
7076
7073
7121
7081
7046
7088
7085
7118
7090
7121
7056
7084
7111
7074
7106
7123
7107
7079
7081
7069
7137
7141
7124
7143
7129
7133
7057
7061
7087
7079
7131
7100
7143
7155
7158
7077
7145
7072
7096
7111
7108
7142
7125
7108
7121
7145
7071
7143
7150
7124
7165
7153
7098
7151
7137
7168
7174
7102
7140
7101
7132
7128
7163
7175
7176
7112
7108
7112
7130
7150
7164
7177
7176
7171
7188
7115
7106
7105
7161
7168
7143
7197
7161
7154
7172
7201
7128
7119
7150
7195
7187
7212
7207
7174
7155
7192
7134
7196
7127
7128
7127
7212
7225
7167
7192
7136
7133
7175
7185
7141
7189
7206
7158
7173
7204
7147
7150
7146
7220
7195
7200
7194
7147
7210
7237
7158
7152
7223
7192
7238
7166
7185
7224
7239
7165
7193
7227
7222
7233
7207
7248
7213
7208
7252
7205
7175
7181
7230
7267
7256
7231
7197
7259
7207
7231
7186
7208
7188
7227
7275
7278
7221
7282
7277
7241
7263
7250
7241
7254
7271
7233
7292
7269
7231
7292
7215
7295
7241
7217
7227
7300
7240
7258
7231
7216
7267
7257
7310
7227
7313
7286
7248
7303
7269
7294
7252
7248
7316
7255
7315
7306
7261
7282
7305
7313
7282
7263
7321
7269
7254
7308
7261
7283
7329
7313
7313
7279
7311
7244
7306
7336
7298
7254
7330
7312
7308
7323
7351
7317
7297
7328
7302
7264
7345
7284
7315
7315
7313
7282
7338
7333
7304
7274
7347
7292
7297
7363
7334
7330
7301
7298
7289
7320
7315
7308
7346
7342
7374
7294
7360
7299
7339
7318
7331
7353
7373
7300
7321
7375
7381
7295
7383
7377
7304
7322
7391
7331
7381
7341
7309
7362
7368
7349
7334
7320
7379
7326
7354
7399
7315
7327
7364
7402
7391
7348
7342
7359
7402
7420
7397
7399
7411
7422
7357
7341
7413
7400
7387
7407
7393
7423
7388
7349
7380
7359
7409
7355
7440
7397
7398
7384
7382
7427
7407
7431
7392
7389
7422
7448
7419
7451
7358
7448
7455
7383
7431
7429
7418
7435
7390
7382
7457
7397
7426
7441
7389
7460
7471
7422
7381
7458
7451
7399
7424
7444
7434
7449
7459
7459
7394
7466
7386
7396
7473
7423
7392
7451
7450
7446
7456
7494
7409
7405
7415
7436
7434
7444
7462
7403
7477
7448
7444
7501
7460
7435
7509
7435
7484
7484
7425
7510
7474
7421
7509
7515
7519
7436
7504
7450
7434
7491
7525
7505
7430
7516
7464
7458
7467
7516
7477
7512
7473
7447
7478
7491
7517
7454
7499
7471
7517
7533
7541
7463
7453
7539
7541
7453
7467
7492
7528
7549
7506
7522
7504
7481
7486
7467
7519
7492
7469
7513
7489
7523
7528
7473
7505
7550
7498
7568
7476
7527
7566
7490
7537
7525
7511
7559
7520
7514
7574
7551
7486
7505
7571
7494
7545
7506
7565
7525
7571
7513
7501
7503
7589
7583
7529
7548
7520
7504
7562
7596
7582
7575
7533
7583
7594
7533
7513
7525
7592
7525
7528
7537
7584
7615
7587
7586
7602
7573
7619
7594
7590
7561
7548
7591
7546
7583
7594
7551
7582
7565
7626
7551
7569
7617
7593
7564
7549
7581
7573
7549
7591
7566
7563
7636
7622
7590
7560
7636
7581
7605
7567
7644
7603
7615
7603
7573
7636
7629
7640
7648
7616
7624
7589
7662
7615
7583
7637
7606
7665
7625
7670
7674
7584
7585
7665
7650
7640
7626
7654
7643
7603
7651
7666
7653
7658
7672
7627
7646
7647
7646
7684
7631
7651
7616
7611
7605
7608
7696
7688
7649
7618
7623
7697
7679
7635
7630
7622
7710
7689
7695
7662
7633
7641
7665
7703
7656
7674
7717
7659
7687
7679
7694
7686
7653
7692
7724
7706
7665
7718
7730
7684
7711
7734
7659
7643
7661
7673
7646
7705
7674
7723
7670
7717
7739
7700
7697
7712
7669
7751
7690
7683
7752
7740
7745
7718
7669
7668
7762
7692
7737
7746
7726
7670
7726
7721
7760
7764
7749
7730
7772
7747
7762
7766
7728
7706
7739
7762
7749
7700
7727
7769
7753
7692
7711
7700
7765
7761
7714
7779
7764
7746
7731
7782
7787
7768
7732
7723
7720
7765
7731
7740
7754
7804
7756
7711
7792
7759
7798
7771
7791
7718
7760
7798
7729
7729
7802
7732
7760
7811
7788
7749
7780
7744
7771
7751
7751
7789
7774
7804
7804
7802
7783
7827
7784
7766
7761
7833
7810
7811
7843
7783
7759
7793
7827
7802
7761
7809
7822
7848
7831
7785
7767
7796
7761
7831
7790
7781
7768
7814
7798
7777
7801
7793
7853
7837
7799
7837
7801
7812
7789
7855
7847
7815
7862
7867
7790
7869
7787
7792
7828
7822
7863
7819
7855
7794
7871
7835
7869
7881
7811
7851
7798
7805
7895
7898
7850
7826
7860
7890
7860
7872
7871
7842
7883
7858
7813
7867
7912
7835
7853
7865
7848
7902
7867
7832
7887
7823
7915
7885
7906
7842
7873
7921
7829
7891
7849
7850
7928
7914
7853
7911
7868
7911
7857
7882
7866
7926
7853
7895
7944
7900
7880
7888
7910
7890
7906
7929
7924
7881
7873
7885
7911
7918
7866
7907
7952
7933
7904
7912
7953
7913
7874
7924
7945
7894
7919
7952
7953
7900
7957
7919
7943
7879
7932
7975
7922
7894
7939
7947
7952
7889
7948
7889
7924
7951
7960
7916
7954
7900
7926
7989
7919
7983
7998
7920
7908
7935
7970
7936
7932
7971
7981
7980
7938
8008
7999
8007
7996
8000
7955
8012
8003
7976
7986
7930
7934
7966
7951
8004
8013
8003
7960
7971
7958
7971
7963
7984
8027
7949
7991
8003
7967
8016
8017
7971
7991
7950
7999
8002
7964
8041
7948
7953
8005
7951
7951
8021
8000
8013
8010
7989
7982
8026
7997
8044
7987
8058
7977
7968
7981
7975
8063
8039
7975
8042
7987
8024
8063
8053
8056
8035
8076
8014
8020
8029
8073
8026
8023
8036
8014
7997
8043
8082
8044
7990
8087
8077
8001
8020
8014
8065
8043
8062
8034
8058
8004
8055
8041
8096
8072
8104
8050
8027
8100
8099
8103
8107
8046
8089
8049
8038
8019
8019
8050
8102
8113
8086
8023
8100
8078
8051
8028
8095
8042
8062
8066
8075
8092
8087
8125
8053
8117
8039
8061
8133
8063
8078
8136
8098
8090
8089
8087
8101
8136
8076
8138
8071
8071
8141
8117
8066
8073
8112
8098
8119
8126
8148
8127
8155
8073
8154
8096
8123
8123
8098
8080
8121
8136
8100
8146
8106
8163
8101
8102
8177
8180
8139
8084
8117
8126
8091
8094
8120
8174
8151
8119
8122
8134
8133
8098
8113
8176
8189
8192
8108
8166
8199
8194
8178
8176
8106
8157
8152
8125
8127
8139
8167
8208
8114
8115
8118
8205
8200
8176
8143
8203
8158
8191
8156
8154
8193
8223
8130
8220
8227
8229
8230
8208
8138
8215
8232
8232
8157
8208
8178
8212
8161
8190
8182
8168
8194
8147
8193
8165
8189
8247
8216
8242
8220
8158
8158
8212
8172
8241
8181
8175
8258
8221
8170
8182
8219
8177
8249
8181
8238
8240
8194
8203
8193
8258
8275
8232
8186
8226
8233
8245
8265
8204
8271
8243
8198
8197
8249
8276
8209
8259
8280
8287
8237
8288
8231
8295
8287
8237
8267
8212
8271
8231
8214
8205
8272
8250
8276
8306
8268
8292
8255
8278
8274
8282
8285
8296
8313
8247
8248
8253
8237
8273
8307
8310
8294
8297
8294
8259
8301
8268
8239
8266
8306
8247
8239
8311
8316
8315
8286
8275
8324
8289
8337
8259
8334
8336
8281
8311
8335
8331
8347
8317
8306
8348
8257
8340
8325
8356
8342
8339
8283
8320
8270
8296
8315
8324
8345
8294
8338
8349
8286
8348
8301
8276
8278
8340
8334
8344
8325
8317
8332
8333
8341
8369
8352
8310
8310
8321
8322
8322
8336
8296
8325
8314
8367
8375
8333
8367
8346
8312
8344
8342
8341
8371
8393
8347
8380
8343
8400
8410
8404
8407
8399
8360
8366
8399
8368
8369
8381
8341
8415
8380
8372
8405
8336
8378
8347
8362
8409
8347
8368
8376
8371
8420
8426
8420
8392
8391
8433
8411
8393
8346
8398
8424
8347
8387
8406
8433
8366
8431
8425
8392
8387
8388
8405
8414
8366
8399
8400
8370
8437
8395
8400
8419
8392
8423
8393
8460
8395
8445
8408
8374
8431
8400
8459
8453
8434
8407
8385
8398
8430
8385
8479
8403
8427
8445
8466
8435
8489
8430
8403
8449
8450
8414
8483
8397
8435
8465
8461
8498
8409
8447
8430
8454
8440
8440
8418
8501
8424
8471
8477
8441
8498
8448
8503
8516
8464
8471
8495
8511
8427
8501
8519
8448
8497
8434
8518
8433
8441
8516
8436
8514
8492
8439
8466
8442
8505
8535
8469
8522
8514
8477
8535
8483
8528
8464
8499
8464
8510
8529
8454
8541
8464
8470
8538
8541
8511
8463
8502
8556
8528
8496
8511
8474
8471
8529
8564
8536
8561
8548
8517
8547
8565
8475
8539
8492
8524
8499
8519
8521
8550
8534
8524
8552
8507
8517
8517
8512
8499
8520
8503
8516
8550
8531
8586
8570
8524
8526
8567
8559
8531
8575
8543
8590
8531
8550
8602
8542
8568
8513
8525
8607
8598
8613
8580
8608
8529
8594
8529
8582
8542
8606
8567
8589
8563
8530
8584
8592
8594
8578
8538
8588
8566
8542
8583
8552
8540
8577
8614
8611
8574
8630
8566
8601
8596
8554
8551
8625
8634
8556
8637
8568
8569
8584
8613
8632
8571
8586
8600
8626
8622
8576
8632
8625
8634
8585
8615
8597
8663
8573
8652
8661
8593
8608
8612
8644
8614
8611
8623
8600
8594
8649
8608
8622
8637
8593
8608
8598
8686
8647
8646
8644
8618
8633
8597
8615
8628
8693
8671
8629
8680
8603
8605
8652
8652
8690
8620
8610
8633
8651
8626
8663
8710
8690
8665
8708
8620
8693
8636
8700
8656
8690
8674
8662
8699
8663
8716
8711
8706
8664
8646
8643
8732
8663
8695
8673
8698
8687
8656
8642
8723
8721
8668
8735
8684
8711
8738
8690
8678
8702
8750
8710
8677
8682
8701
8676
8666
8709
8680
8667
8718
8762
8715
8686
8718
8708
8681
8704
8671
8759
8754
8744
8756
8770
8735
8679
8682
8773
8709
8764
8734
8686
8728
8750
8693
8707
8689
8777
8778
8699
8768
8758
8723
8778
8763
8780
8730
8783
8762
8774
8771
8747
8781
8793
8763
8732
8803
8779
8765
8767
8770
8756
8753
8756
8794
8747
8764
8727
8811
8799
8795
8750
8765
8747
8783
8821
8816
8737
8730
8793
8786
8832
8774
8807
8799
8805
8758
8750
8758
8834
8742
8763
8813
8807
8828
8843
8820
8769
8842
8814
8842
8817
8838
8773
8789
8763
8834
8813
8781
8830
8811
8835
8849
8840
8827
8812
8851
8811
8838
8829
8860
8842
8849
8790
8822
8834
8782
8820
8812
8789
8794
8845
8788
8844
8792
8823
8830
8883
8837
8855
8880
8796
8842
8833
8802
8823
8831
8871
8805
8836
8848
8851
8825
8881
8837
8887
8861
8840
8825
8901
8864
8883
8841
8890
8911
8878
8818
8912
8863
8835
8833
8900
8889
8893
8910
8926
8868
8884
8857
8894
8881
8901
8877
8865
8899
8910
8857
8885
8858
8913
8939
8863
8910
8864
8936
8861
8934
8915
8878
8856
8889
8931
8882
8890
8932
8921
8923
8884
8954
8920
8873
8900
8915
8955
8911
8926
8896
8871
8946
8941
8952
8886
8932
8876
8891
8976
8909
8949
8900
8887
8932
8903
8930
8897
8978
8918
8918
8982
8971
8948
8982
8957
8900
8915
8910
8904
8912
8907
8985
9000
8917
8955
8992
8975
8998
8956
8975
8995
8925
8938
9010
9012
8923
8977
9010
9003
8929
9011
8958
8974
8984
8941
8955
8979
8982
8991
9004
8939
8937
9001
8953
8937
8944
9003
8947
8937
8946
8952
8983
9015
8997
9021
9029
8946
9019
8973
9005
9037
8982
9031
8954
9035
9053
8999
9007
9030
9034
8976
9006
8977
9033
8985
8995
8971
9036
9031
8985
9018
9032
9030
9013
9023
9018
9022
9034
9033
9068
9064
9054
9049
9052
8987
8985
9068
9009
9004
9075
9054
9003
9045
9019
9068
9021
8995
9016
9005
9044
9090
9004
9017
9083
9036
9093
9025
9068
9070
9039
9033
9046
9075
9031
9040
9092
9081
9017
9089
9052
9067
9038
9097
9086
9111
9091
9123
9043
9102
9043
9060
9109
9113
9058
9070
9086
9120
9119
9114
9046
9114
9113
9047
9045
9099
9136
9125
9046
9121
9083
9100
9137
9140
9145
9081
9103
9059
9139
9090
9079
9142
9100
9093
9094
9072
9071
9088
9097
9072
9150
9099
9115
9078
9128
9135
9160
9103
9169
9126
9148
9105
9136
9111
9135
9137
9116
9131
9103
9125
9107
9174
9189
9159
9131
9117
9147
9102
9151
9160
9131
9162
9138
9135
9184
9103
9197
9113
9189
9116
9202
9135
9205
9206
9157
9125
9192
9151
9198
9145
9175
9199
9129
9139
9209
9139
9156
9181
9171
9140
9141
9192
9201
9227
9155
9206
9186
9154
9232
9210
9153
9176
9236
9171
9232
9198
9238
9238
9156
9232
9243
9188
9236
9233
9241
9234
9173
9178
9241
9200
9240
9179
9190
9226
9260
9211
9211
9169
9254
9248
9190
9189
9216
9247
9255
9226
9233
9240
9197
9194
9212
9270
9186
9267
9244
9254
9220
9204
9211
9264
9247
9246
9282
9289
9210
9250
9203
9220
9198
9286
9225
9286
9274
9258
9221
9263
9218
9270
9253
9211
9243
9259
9278
9310
9294
9232
9295
9299
9300
9251
9248
9268
9252
9288
9294
9296
9320
9259
9322
9238
9319
9255
9303
9266
9316
9284
9248
9309
9294
9267
9247
9271
9277
9274
9327
9327
9312
9255
9271
9335
9255
9326
9280
9332
9294
9349
9281
9283
9302
9321
9298
9290
9359
9340
9306
9277
9350
9346
9339
9348
9293
9339
9298
9309
9283
9357
9351
9292
9347
9299
9318
9297
9333
9342
9345
9319
9303
9290
9336
9367
9322
9295
9337
9308
9296
9303
9329
9295
9368
9377
9298
9362
9335
9391
9358
9324
9343
9306
9401
9316
9335
9388
9408
9384
9352
9334
9371
9331
9365
9345
9320
9324
9380
9408
9338
9338
9354
9337
9339
9425
9426
9368
9407
9336
9361
9382
9415
9353
9371
9418
9408
9420
9408
9359
9403
9420
9434
9373
9357
9425
9412
9414
9420
9352
9415
9443
9355
9412
9424
9397
9360
9360
9398
9394
9400
9376
9387
9416
9420
9436
9443
9426
9440
9462
9447
9390
9403
9407
9401
9405
9465
9384
9417
9427
9477
9473
9464
9424
9484
9449
9476
9392
9472
9490
9448
9449
9447
9494
9454
9449
9423
9424
9440
9477
9434
9428
9407
9489
9447
9459
9468
9409
9421
9497
9464
9499
9451
9443
9452
9429
9457
9493
9429
9459
9490
9433
9455
9433
9500
9488
9503
9486
9510
9479
9495
9493
9437
9519
9496
9451
9502
9452
9490
9444
9464
9490
9541
9474
9521
9471
9526
9516
9505
9477
9526
9506
9500
9538
9519
9507
9524
9516
9467
9488
9526
9539
9557
9495
9479
9517
9513
9489
9489
9557
9484
9516
9545
9475
9538
9484
9500
9549
9488
9548
9549
9581
9541
9575
9529
9574
9541
9573
9575
9550
9549
9523
9496
9582
9518
9568
9574
9572
9502
9573
9529
9527
9529
9525
9520
9572
9607
9554
9599
9558
9582
9576
9591
9576
9519
9568
9522
9574
9600
9605
9529
9596
9616
9533
9534
9575
9558
9625
9561
9567
9583
9589
9623
9606
9630
9613
9604
9620
9615
9544
9591
9585
9606
9569
9629
9551
9564
9617
9604
9563
9558
9591
9589
9615
9565
9624
9558
9599
9653
9617
9601
9601
9657
9603
9615
9656
9610
9619
9620
9628
9637
9618
9581
9612
9653
9594
9655
9671
9618
9674
9592
9608
9619
9664
9638
9639
9666
9612
9627
9601
9627
9640
9618
9634
9624
9616
9680
9617
9665
9683
9672
9668
9691
9690
9669
9705
9621
9671
9662
9621
9705
9630
9701
9703
9653
9624
9706
9645
9621
9711
9701
9719
9719
9633
9673
9685
9654
9639
9664
9728
9654
9674
9680
9696
9643
9674
9641
9665
9656
9693
9714
9723
9723
9723
9701
9700
9697
9737
9670
9749
9707
9662
9710
9718
9747
9672
9728
9737
9699
9731
9667
9699
9761
9737
9671
9766
9704
9756
9678
9688
9681
9677
9676
9768
9765
9694
9729
9729
9696
9693
9763
9746
9724
9692
9692
9739
9692
9709
9730
9768
9727
9703
9735
9750
9775
9707
9766
9711
9772
9725
9720
9770
9726
9765
9720
9756
9788
9807
9783
9778
9779
9754
9720
9725
9725
9751
9799
9797
9747
9723
9762
9755
9785
9823
9737
9735
9819
9792
9760
9796
9787
9755
9771
9783
9766
9816
9822
9769
9789
9751
9760
9745
9744
9806
9807
9777
9757
9826
9832
9760
9836
9824
9828
9766
9841
9762
9840
9802
9809
9820
9763
9825
9802
9817
9825
9834
9803
9799
9811
9826
9793
9846
9858
9866
9822
9831
9801
9809
9815
9823
9834
9793
9807
9791
9850
9823
9876
9793
9874
9880
9800
9845
9806
9835
9865
9881
9894
9836
9837
9804
9847
9854
9877
9872
9883
9896
9888
9870
9887
9887
9814
9895
9868
9892
9868
9864
9843
9829
9869
9892
9912
9829
9858
9837
9905
9922
9921
9844
9882
9853
9896
9919
9854
9835
9910
9923
9902
9920
9914
9933
9932
9862
9871
9882
9935
9921
9886
9934
9949
9890
9878
9903
9866
9875
9902
9915
9917
9909
9866
9920
9952
9889
9876
9882
9956
9943
9935
9900
9963
9900
9898
9943
9900
9894
9911
9946
9939
9978
9976
9964
9936
9977
9917
9961
9933
9915
9940
9932
9981
9902
9963
9927
9981
9971
9903
9987
9914
9976
9985
9994
10001
9903
9950
9990
9929
9911
9988
9968
9946
9997
9924
9973
9982
9930
9923
9920
9943
9984
9958
9938
9971
9992
9959
9999
9930
9933
9973
9988
10024
9959
10007
9949
10001
10016
10029
9973
9997
9977
10014
9989
10034
9998
10038
9976
9979
9987
10012
10032
9962
10036
9980
10023
10026
9966
10006
10040
10040
9964
10028
10027
9999
10049
9989
9988
9974
9998
9992
10038
9978
10001
10021
10018
10049
9985
10021
10067
10011
10043
10028
10024
9988
10081
10053
10012
10033
10018
10026
10054
10001
10076
10062
10008
10080
10014
10044
10092
10049
10031
10031
10097
10014
10056
10050
10104
10103
10102
10035
10045
10025
10025
10037
10047
10026
10043
10104
10037
10103
10039
10042
10079
10119
10116
10098
10060
10102
10074
10035
10037
10124
10037
10049
10060
10111
10048
10112
10134
10072
10070
10106
10052
10094
10132
10075
10049
10083
10099
10145
10110
10078
10115
10094
10104
10079
10143
10087
10061
10142
10111
10080
10153
10159
10066
10124
10084
10103
10099
10121
10075
10168
10077
10093
10092
10113
10088
10128
10148
10172
10139
10121
10123
10153
10088
10130
10113
10126
10094
10099
10112
10134
10114
10188
10093
10174
10096
10134
10167
10103
10172
10186
10113
10159
10180
10148
10142
10141
10205
10113
10155
10129
10202
10205
10134
10197
10120
10182
10177
10148
10186
10160
10141
10185
10181
10205
10208
10195
10215
10165
10224
10206
10150
10199
10183
10143
10148
10179
10218
10165
10174
10159
10141
10239
10221
10188
10148
10224
10202
10148
10238
10170
10205
10152
10192
10200
10218
10236
10234
10193
10211
10160
10250
10197
10226
10231
10214
10211
10193
10232
10227
10185
10210
10211
10216
10269
10195
10251
10216
10204
10266
10211
10249
10240
10269
10197
10220
10194
10249
10202
10239
10268
10232
10286
10290
10286
10241
10203
10198
10234
10297
10296
10223
10253
10265
10282
10218
10288
10273
10267
10211
10253
10256
10249
10249
10236
10276
10231
10304
10279
10269
10252
10230
10236
10319
10311
10279
10269
10292
10262
10260
10234
10232
10308
10255
10322
10255
10288
10250
10304
10255
10338
10253
10314
10280
10321
10312
10299
10265
10279
10265
10293
10263
10272
10264
10260
10262
10297
10340
10298
10284
10337
10306
10300
10286
10299
10305
10311
10274
10317
10320
10302
10368
10368
10348
10290
10354
10344
10335
10328
10323
10342
10358
10344
10292
10303
10322
10287
10304
10304
10355
10303
10351
10299
10339
10369
10387
10345
10389
10384
10367
10368
10373
10367
10364
10334
10340
10350
10376
10388
10391
10396
10406
10370
10321
10336
10338
10347
10400
10320
10341
10415
10385
10382
10409
10354
10413
10376
10330
10354
10383
10404
10369
10360
10350
10364
10374
10397
10363
10401
10438
10433
10386
10417
10418
10349
10428
10388
10350
10354
10429
10354
10445
10388
10387
10418
10404
10388
10370
10363
10424
10361
10361
10458
10378
10404
10375
10405
10402
10454
10374
10418
10438
10460
10380
10375
10433
10411
10464
10435
10424
10385
10391
10475
10408
10390
10421
10433
10407
10393
10445
10484
10410
10433
10416
10400
10486
10411
10404
10495
10450
10452
10479
10441
10432
10468
10459
10457
10438
10408
10409
10424
10418
10428
10476
10479
10487
10431
10448
10511
10464
10498
10430
10445
10466
10445
10480
10436
10486
10497
10493
10485
10482
10476
10523
10490
10466
10511
10471
10513
10536
10514
10507
10462
10480
10506
10534
10479
10472
10532
10530
10512
10476
10514
10461
10518
10469
10553
10458
10522
10486
10504
10462
10561
10556
10554
10524
10481
10513
10502
10499
10557
10517
10489
10533
10538
10487
10492
10554
10496
10539
10512
10528
10484
10528
10549
10550
10514
10521
10552
10540
10568
10587
10591
10525
10571
10525
10552
10588
10582
10557
10535
10568
10558
10509
10529
10590
10581
10531
10602
10541
10585
10556
10563
10550
10532
10548
10558
10532
10591
10542
10587
10549
10616
10620
10607
10540
10613
10574
10553
10610
10558
10595
10625
10607
10541
10606
10626
10584
10596
10584
10594
10564
10640
10574
10620
10572
10546
10606
10632
10606
10553
10551
10630
10610
10611
10588
10652
10641
10566
10656
10617
10605
10656
10607
10662
10613
10592
10578
10627
10662
10593
10650
10666
10657
10640
10651
10600
10621
10612
10626
10580
10647
10620
10677
10626
10607
10594
10606
10650
10667
10677
10676
10674
10652
10689
10652
10620
10607
10614
10647
10683
10694
10696
10661
10677
10610
10625
10651
10701
10703
10663
10615
10690
10668
10664
10666
10696
10705
10647
10678
10706
10663
10680
10708
10655
10706
10683
10679
10691
10724
10679
10722
10731
10698
10726
10688
10683
10688
10705
10713
10697
10689
10670
10686
10649
10659
10739
10737
10654
10736
10713
10716
10734
10727
10717
10667
10735
10678
10689
10754
10729
10744
10676
10679
10753
10740
10729
10715
10714
10717
10715
10677
10708
10724
10760
10722
10753
10762
10734
10772
10704
10724
10684
10686
10758
10705
10750
10748
10786
10767
10697
10776
10734
10775
10785
10765
10784
10718
10769
10776
10790
10701
10782
10755
10778
10713
10715
10710
10758
10711
10769
10802
10784
10753
10796
10784
10756
10722
10725
10721
10760
10770
10722
10816
10738
10784
10767
10778
10750
10758
10732
10820
10780
10820
10795
10741
10832
10773
10800
10781
10789
10831
10804
10815
10794
10836
10775
10747
10821
10786
10820
10761
10799
10771
10781
10826
10832
10836
10767
10832
10816
10771
10843
10784
10792
10772
10796
10792
10831
10856
10816
10825
10815
10777
10865
10868
10869
10792
10850
10854
10805
10867
10784
10817
10857
10858
10864
10835
10868
10837
10829
10791
10883
10856
10893
10880
10859
10867
10876
10834
10803
10859
10880
10819
10819
10900
10888
10822
10818
10888
10817
10835
10838
10884
10896
10907
10824
10896
10877
10910
10840
10872
10845
10908
10914
10842
10907
10872
10902
10922
10858
10923
10922
10893
10930
10907
10915
10920
10921
10844
10914
10902
10880
10871
10847
10869
10904
10876
10904
10924
10878
10880
10888
10942
10927
10932
10938
10858
10939
10909
10912
10903
10937
10922
10883
10954
10883
10870
10946
10897
10885
10967
10901
10942
10956
10965
10962
10946
10938
10961
10933
10926
10977
10902
10972
10976
10920
10985
10915
10947
10917
10939
10973
10941
10971
10910
10984
10906
10961
10912
10940
10972
10957
10944
10959
10927
10941
10927
10910
10934
10952
10948
10922
10919
10939
10939
10957
10982
10989
10949
10973
11007
11020
10985
10998
10995
10987
11008
10971
10931
10955
10954
10965
10949
10980
11031
10989
10946
10967
11035
11036
10979
11007
10965
11039
11025
10965
10963
11018
11031
11013
11042
10977
11004
11021
10957
11039
11003
10974
11030
11018
10987
11054
11007
11030
10987
11001
11027
10975
10999
10992
11048
11011
11015
10974
11060
11010
11019
11010
11050
11035
11001
11005
11002
10988
11025
11063
11050
11030
11021
11030
11051
11087
11060
11053
11088
11018
11085
11058
11085
11023
11055
11091
11096
11016
11013
11009
11064
11103
11022
11062
11061
11095
11072
11108
11111
11038
11069
11114
11052
11053
11030
11094
11081
11099
11096
11085
11092
11120
11052
11043
11078
11118
11037
11079
11117
11107
11082
11072
11058
11093
11104
11090
11123
11133
11127
11107
11078
11138
11132
11078
11099
11056
11135
11099
11113
11144
11101
11075
11115
11087
11121
11090
11091
11143
11095
11098
11119
11121
11070
11158
11078
11079
11161
11160
11124
11174
11161
11144
11116
11128
11121
11094
11099
11182
11147
11170
11185
11113
11145
11095
11168
11184
11149
11124
11142
11188
11161
11163
11193
11155
11152
11125
11160
11193
11193
11119
11200
11151
11115
11136
11150
11202
11134
11202
11133
11194
11170
11198
11189
11172
11217
11200
11202
11170
11169
11189
11152
11142
11165
11213
11163
11211
11212
11223
11217
11175
11214
11189
11179
11196
11166
11148
11177
11195
11163
11198
11178
11200
11168
11166
11246
11196
11206
11202
11239
11215
11227
11203
11188
11228
11215
11243
11259
11249
11254
11237
11216
11200
11235
11246
11255
11248
11260
11239
11259
11180
11234
11189
11219
11211
11276
11252
11216
11248
11234
11245
11195
11204
11251
11254
11288
11260
11218
11243
11292
11261
11244
11292
11213
11225
11210
11221
11249
11206
11280
11302
11297
11212
11230
11260
11273
11238
11288
11287
11224
11304
11282
11225
11222
11293
11320
11293
11307
11255
11234
11248
11254
11277
11265
11321
11327
11265
11319
11303
11326
11290
11258
11287
11265
11244
11277
11279
11298
11335
11285
11306
11329
11264
11331
11345
11283
11320
11345
11270
11257
11278
11323
11291
11270
11331
11267
11270
11359
11278
11315
11282
11272
11298
11350
11330
11345
11275
11359
11308
11368
11291
11371
11346
11303
11372
11365
11357
11357
11299
11376
11288
11316
11317
11386
11319
11321
11339
11314
11370
11328
11296
11354
11370
11385
11382
11316
11332
11373
11373
11354
11321
11401
11400
11403
11378
11387
11312
11324
11389
11318
11398
11382
11376
11371
11383
11365
11399
11389
11400
11360
11403
11374
11361
11368
11388
11337
11408
11344
11382
11350
11423
11431
11369
11373
11368
11439
11441
11385
11391
11379
11411
11434
11424
11355
11387
11372
11360
11360
11446
11374
11402
11431
11422
11452
11383
11425
11404
11420
11443
11459
11373
11405
11371
11423
11414
11409
11417
11374
11461
11452
11459
11427
11392
11433
11425
11434
11423
11435
11463
11446
11388
11424
11454
11482
11400
11466
11440
11396
11413
11417
11470
11424
11448
11402
11497
11427
11500
11446
11491
11417
11453
11415
11412
11457
11455
11487
11502
11462
11502
11513
11432
11470
11469
11457
11502
11506
11509
11502
11505
11511
11438
11447
11462
11486
11459
11529
11513
11448
11492
11451
11469
11508
11533
11492
11523
11448
11541
11446
11455
11543
11475
11533
11503
11469
11526
11458
11473
11462
11513
11547
11496
11479
11508
11545
11557
11497
11503
11486
11563
11525
11505
11563
11497
11469
11477
11535
11559
11520
11532
11546
11538
11530
11570
11519
11521
11523
11579
11551
11524
11539
11502
11498
11518
11575
11521
11579
11586
11554
11549
11501
11544
11514
11505
11565
11521
11525
11567
11511
11578
11581
11579
11558
11535
11513
11510
11513
11563
11537
11545
11600
11607
11594
11553
11563
11551
11550
11609
11568
11573
11613
11604
11612
11606
11567
11535
11549
11606
11586
11605
11584
11627
11541
11580
11634
11547
11619
11578
11554
11570
11578
11550
11588
11643
11608
11582
11561
11592
11554
11575
11636
11627
11640
11614
11647
11656
11596
11656
11575
11641
11596
11611
11625
11579
11660
11633
11578
11669
11627
11618
11606
11626
11592
11672
11661
11631
11639
11631
11627
11605
11611
11606
11679
11588
11603
11618
11664
11656
11622
11673
11595
11618
11695
11695
11686
11643
11691
11640
11651
11606
11700
11692
11666
11692
11680
11627
11657
11644
11674
11674
11662
11682
11712
11678
11715
11693
11719
11679
11699
11673
11700
11643
11715
11649
11705
11726
11701
11638
11716
11707
11674
11728
11655
11640
11711
11681
11684
11690
11683
11718
11676
11716
11715
11707
11729
11743
11652
11672
11745
11749
11668
11722
11732
11731
11738
11759
11734
11667
11728
11688
11753
11749
11685
11680
11706
11729
11726
11686
11738
11771
11722
11706
11761
11776
11681
11714
11779
11694
11762
11701
11734
11767
11744
11765
11721
11777
11714
11789
11700
11748
11714
11745
11767
11745
11725
11745
11735
11793
11704
11769
11725
11772
11716
11766
11710
11792
11784
11740
11790
11752
11735
11755
11815
11726
11809
11754
11801
11753
11764
11744
11787
11746
11794
11794
11748
11782
11791
11740
11811
11748
11792
11777
11828
11832
11834
11759
11759
11833
11745
11761
11748
11840
11834
11748
11755
11781
11788
11810
11851
11756
11785
11814
11760
11808
11810
11856
11854
11770
11799
11860
11793
11779
11855
11792
11823
11839
11848
11800
11814
11791
11859
11812
11873
11823
11861
11787
11809
11831
11880
11797
11825
11826
11879
11885
11790
11867
11853
11871
11838
11873
11875
11881
11860
11879
11808
11876
11857
11846
11851
11877
11839
11897
11828
11856
11824
11830
11893
11881
11826
11859
11904
11862
11913
11903
11875
11867
11920
11831
11851
11887
11848
11844
11854
11849
11829
11913
11916
11837
11855
11903
11901
11868
11898
11901
11857
11891
11855
11870
11887
11907
11850
11883
11935
11868
11899
11902
11885
11931
11877
11871
11860
11856
11905
11906
11865
11886
11935
11891
11875
11884
11892
11919
11888
11949
11871
11930
11923
11917
11941
11972
11909
11950
11964
11880
11910
11938
11896
11901
11947
11913
11965
11920
11950
11937
11940
11977
11893
11983
11937
11966
11928
11934
11920
11933
11979
11947
11972
11969
11987
11922
11998
11945
11939
11988
11987
11986
11966
11970
11954
11962
12012
11997
11972
11934
11936
12017
11993
12011
12016
11985
11940
12019
11947
12005
12011
11999
12011
12023
11971
11966
11987
12003
11944
11983
12004
11945
12040
12023
12021
11999
12008
12035
12008
12034
11958
11982
11998
12006
11990
11983
11997
12038
12041
12021
12036
11986
11974
12041
12035
11982
11982
12054
11991
12064
11982
12043
12052
12030
11990
12023
12043
12075
11980
12049
12026
12060
12012
12074
12056
11997
12014
11993
11997
12061
12067
11996
12044
12071
12062
12045
12013
12046
12044
12016
12066
12027
12099
12071
12088
12030
12094
12090
12074
12055
12039
12011
12030
12055
12049
12079
12085
12077
12017
12050
12101
12063
12118
12065
12034
12119
12077
12049
12051
12048
12098
12090
12110
12126
12044
12087
12064
12119
12060
12108
12130
12043
12052
12103
12099
12138
12061
12088
12146
12071
12063
12138
12055
12085
12076
12097
12154
12058
12091
12110
12060
12144
12074
12105
12116
12140
12159
12070
12163
12104
12112
12126
12158
12110
12088
12141
12096
12077
12167
12139
12084
12154
12118
12163
12174
12158
12102
12136
12118
12187
12172
12169
12115
12133
12165
12171
12100
12099
12122
12180
12132
12105
12110
12176
12165
12104
12140
12115
12135
12148
12185
12153
12205
12194
12123
12121
12135
12129
12133
12217
12162
12179
12139
12155
12170
12166
12141
12225
12157
12220
12188
12134
12170
12149
12151
12194
12167
12187
12184
12161
12218
12161
12231
12210
12200
12239
12227
12168
12236
12229
12171
12227
12218
12201
12163
12249
12177
12179
12183
12254
12247
12191
12220
12193
12253
12240
12192
12187
12197
12221
12187
12254
12176
12207
12235
12219
12206
12215
12228
12181
12263
12259
12257
12228
12247
12184
12212
12261
12215
12189
12224
12284
12275
12272
12243
12223
12270
12290
12251
12244
12282
12274
12271
12230
12261
12244
12239
12263
12290
12244
12240
12247
12306
12298
12299
12249
12216
12238
12255
12240
12245
12268
12244
12321
12304
12241
12245
12278
12230
12272
12255
12285
12245
12253
12274
12310
12318
12326
12270
12271
12324
12283
12285
12310
12322
12340
12325
12332
12273
12325
12295
12280
12330
12293
12289
12326
12267
12299
12322
12310
12305
12286
12325
12277
12283
12277
12307
12298
12295
12296
12343
12316
12366
12316
12300
12356
12292
12304
12304
12331
12306
12319
12357
12325
12330
12335
12320
12293
12352
12299
12387
12295
12313
12310
12363
12313
12384
12332
12324
12330
12390
12382
12384
12313
12351
12401
12355
12362
12336
12364
12315
12396
12408
12395
12407
12412
12406
12396
12330
12411
12372
12366
12389
12355
12327
12401
12345
12379
12344
12349
12426
12379
12421
12382
12384
12341
12431
12369
12387
12410
12420
12383
12368
12434
12366
12403
12355
12379
12401
12352
12392
12393
12397
12451
12383
12404
12410
12409
12392
12414
12436
12398
12410
12405
12373
12381
12409
12433
12454
12382
12461
12425
12447
12404
12420
12462
12388
12422
12426
12418
12422
12421
12420
12413
12464
12434
12422
12433
12391
12467
12416
12440
12460
12416
12473
12416
12445
12465
12490
12475
12416
12402
12425
12494
12453
12471
12460
12426
12469
12439
12480
12507
12462
12509
12500
12508
12458
12442
12479
12516
12446
12427
12500
12450
12444
12491
12495
12510
12469
12445
12483
12468
12450
12458
12457
12491
12445
12509
12502
12504
12465
12486
12540
12525
12474
12516
12534
12459
12457
12524
12543
12507
12509
12521
12489
12520
12515
12518
12538
12505
12472
12473
12462
12472
12490
12536
12496
12532
12469
12525
12492
12569
12569
12515
12480
12555
12490
12527
12556
12492
12511
12545
12513
12579
12532
12540
12556
12550
12489
12505
12567
12555
12582
12559
12506
12531
12574
12572
12526
12555
12557
12532
12599
12587
12557
12597
12509
12526
12576
12596
12579
12588
12516
12515
12603
12523
12582
12553
12607
12550
12573
12579
12542
12565
12587
12594
12528
12557
12599
12537
12628
12588
12583
12542
12568
12605
12585
12563
12568
12593
12617
12571
12562
12594
12548
12599
12622
12616
12589
12589
12575
12627
12639
12626
12564
12637
12580
12626
12632
12615
12631
12642
12577
12610
12573
12660
12641
12663
12638
12646
12571
12604
12603
12589
12583
12670
12600
12649
12588
12597
12659
12679
12586
12649
12609
12678
12635
12614
12605
12607
12599
12662
12624
12666
12658
12613
12685
12694
12597
12612
12608
12698
12602
